track 0 chi2 3.48
hit 189065526 s 45 (-32.5, -9.03, 700)
hit 180679772 s 43 (-30.5, -8.4, 650)
hit 172294017 s 41 (-28.4, -7.81, 600)
hit 155326248 s 37 (-19.3, -5.29, 385)
hit 146942049 s 35 (-16.2, -4.35, 310)
hit 138556557 s 33 (-13.8, -3.69, 252)
hit 130170287 s 31 (-11.9, -3.2, 207)
hit 121782977 s 29 (-10.9, -2.92, 183)

track 1 chi2 3.9
hit 197387541 s 47 (-34.4, -23.4, 750)
hit 189005626 s 45 (-32.3, -22, 700)
hit 180623199 s 43 (-30.3, -20.6, 650)
hit 172241540 s 41 (-28.3, -19.1, 600)
hit 138531978 s 33 (-13.9, -9.08, 252)
hit 130149292 s 31 (-12, -7.82, 207)
hit 121764031 s 29 (-11, -7.1, 183)
hit 113378001 s 27 (-10, -6.44, 159)
hit 104992483 s 25 (-9.01, -5.78, 135)

track 2 chi2 1.14
hit 185160931 s 44 (-1.95, -34.1, 688)
hit 176773050 s 42 (-1.79, -31.8, 638)
hit 168384914 s 40 (-1.68, -29.6, 588)
hit 159997737 s 38 (-1.35, -23.9, 458)
hit 151413477 s 36 (-1.18, -20.1, 373)
hit 143025832 s 34 (-0.962, -16.8, 298)
hit 134637689 s 32 (-0.853, -14.2, 240)
hit 126249557 s 30 (-0.742, -12.2, 195)
hit 117861185 s 28 (-0.688, -11.1, 171)
hit 109472814 s 26 (-0.632, -10.1, 147)
hit 101084442 s 24 (-0.577, -8.96, 123)
hit 92696071 s 22 (-0.522, -7.91, 99.3)

track 3 chi2 1.68
hit 168166909 s 40 (-6.3, -21.4, 588)
hit 159784371 s 38 (-4.98, -17.4, 458)
hit 151399809 s 36 (-4.1, -14.6, 373)
hit 143014742 s 34 (-3.33, -12.3, 298)
hit 134628916 s 32 (-2.72, -10.4, 240)
hit 126242330 s 30 (-2.28, -8.96, 195)
hit 117854732 s 28 (-2.06, -8.19, 171)

track 4 chi2 1.44
hit 159728445 s 38 (32.2, 3.99, 458)
hit 151343002 s 36 (27, 3.31, 373)
hit 142957035 s 34 (22.6, 2.76, 298)
hit 134368556 s 32 (19.1, 2.32, 240)
hit 125981789 s 30 (16.4, 1.93, 195)
hit 117593975 s 28 (15, 1.77, 171)
hit 109206161 s 26 (13.5, 1.6, 147)
hit 100818347 s 24 (12.1, 1.44, 123)
hit 92430790 s 22 (10.6, 1.22, 98.7)
hit 84042976 s 20 (9.18, 1.05, 74.7)

track 5 chi2 1.7
hit 139190641 s 33 (-34.2, 27.8, 252)
hit 130780204 s 31 (-29.5, 24, 207)
hit 122380039 s 29 (-27, 22, 183)
hit 113783779 s 27 (-24.6, 20, 159)
hit 105383615 s 25 (-22.1, 18, 135)
hit 96983706 s 23 (-19.6, 16, 111)
hit 88583541 s 21 (-17.1, 14, 87.3)
hit 80183376 s 19 (-14.7, 11.9, 63.3)
hit 71783211 s 17 (-12.2, 9.89, 39.3)
hit 63383046 s 15 (-9.69, 7.86, 15.3)

track 6 chi2 4.84
hit 109709475 s 26 (8.04, -30.6, 147)
hit 101316968 s 24 (7.12, -27.3, 123)
hit 92924206 s 22 (6.24, -24.1, 98.7)
hit 84335092 s 20 (5.36, -20.9, 75.3)
hit 75942330 s 18 (4.48, -17.7, 51.3)
hit 67549822 s 16 (3.68, -14.5, 27.3)

